865
865
865
865
865
865
865
865
865
865
865
865
865
865
865
865
865
865
865
865
865
865
865
865
865
865
865
865
865
865
865
865
865
865
865
865
865
865
865
865
865
865
865
865
865
865
865
865
10
30
55
75
100
145
165
190
210
235
255
280
320
345
365
390
415
465
480
510
530
555
580
600
865
865
865
865
865
865
865
865
865
865
865
865
865
865
865
865
865
865
865
865
865
865
865
865
865
865
865
865
0
0
0
0
0
0
0
0
0
0
0
0
0
0
0
0
0
0
0
0
0
0
0
0
0
0
0
0
0
0
0
0
0
0
0
0
0
0
0
0
0
0
0
0
0
0
0
0
200
0
200
0
200
200
0
200
0
200
0
200
200
0
200
0
200
200
0
200
0
200
0
200
0
0
0
0
0
0
0
0
0
0
0
0
0
0
0
0
0
0
0
0
0
0
0
0
0
0
0
0
